1, 0 4 4;
2, 174545 4 4;
3, 349091 4 4;
4, 523636 4 4;
5, 698181 4 4;
6, 872726 4 4;
7, 1047272 4 4;
8, 1221817 4 4;
9, 1396362 4 4;
10, 1570908 4 4;
11, 1745453 4 4;
12, 1919998 2 4;
13, 2007271 3 4;
14, 2138180 4 4;
15, 2312725 4 4;
16, 2487270 4 4;
17, 2661816 4 4;
18, 2836361 4 4;
19, 3010906 4 4;
20, 3185451 4 4;
21, 3359997 3 4;
22, 3490906 4 4;
23, 3665451 4 4;
24, 3839996 4 4;
25, 4014541 4 4;
26, 4189087 4 4;
27, 4363632 4 4;
28, 4538177 4 4;
29, 4712723 4 4;
30, 4887268 4 4;
31, 5061813 4 4;
32, 5236358 4 4;
33, 5410904 4 4;
34, 5585449 4 4;
35, 5759994 4 4;
36, 5934540 4 4;
37, 6109085 4 4;
38, 6283630 4 4;
39, 6458175 4 4;
40, 6632721 4 4;
41, 6807266 4 4;
42, 6981811 4 4;
43, 7156356 4 4;
44, 7330902 4 4;
45, 7505447 4 4;
46, 7679992 4 4;
47, 7970239 4 4;
48, 8319329 4 4;
49, 8493875 4 4;
50, 8720887 3 4;
51, 8810887 3 4;
52, 8900887 3 4;
53, 8990887 3 4;
54, 9080887 3 4;
55, 9170887 3 4;
56, 9260887 3 4;
57, 9350887 3 4;
58, 9440887 2 4;
59, 9500887 4 4;
60, 9620887 4 4;
61, 9740887 4 4;
62, 9860887 3 4;
63, 9950887 4 4;
64, 10070887 3 4;
65, 10160887 3 4;
66, 10250887 3 4;
67, 10340887 3 4;
68, 10430887 3 4;
69, 10520887 3 4;
70, 10610887 3 4;
71, 10700887 3 4;
72, 10790887 3 4;
73, 10880887 3 4;
74, 10970887 4 4;
75, 11130887 4 4;
76, 11290887 4 4;
77, 11461095 4 4;
78, 11657459 4 4;
79, 11878997 4 4;
80, 12100535 4 4;
81, 12322074 4 4;
82, 12543612 4 4;
83, 12765151 4 4;
84, 12986689 4 4;
85, 13208228 4 4;
86, 13429766 4 4;
87, 13651304 4 4;
88, 13872843 4 4;
89, 14094381 4 4;
90, 14315920 4 4;
91, 14537458 4 4;
92, 14758997 4 4;
93, 14980535 4 4;
94, 15202073 4 4;
95, 15423612 4 4;
96, 15645150 3 4;
97, 15811304 4 4;
98, 16032843 4 4;
99, 16254381 4 4;
100, 16475919 3 4;
101, 16642073 3 4;
102, 16808227 3 4;
103, 16974381 3 4;
104, 17140535 3 4;
105, 17306689 4 4;
106, 17528227 4 4;
107, 17688227 4 4;
108, 17848227 4 4;
109, 18008227 4 4;
110, 18168227 4 4;
111, 18328227 4 4;
112, 18488227 4 4;
113, 18648227 4 4;
114, 18808227 3 4;
115, 18928226 3 4;
116, 19048226 3 4;
117, 19168226 3 4;
118, 19288226 3 4;
119, 19408226 3 4;
120, 19528226 3 4;
121, 19648226 3 4;
122, 19768226 4 4;
123, 19928226 4 4;
124, 20088226 4 4;
125, 20248226 4 4;
126, 20408226 4 4;
127, 20568226 4 4;
128, 20728226 4 4;
129, 20888226 4 4;
130, 21048226 4 4;
131, 21208226 4 4;
132, 21368225 4 4;
133, 21528225 4 4;
134, 21688225 4 4;
135, 21848225 4 4;
136, 22008225 4 4;
137, 22168225 4 4;
138, 22328225 4 4;
139, 22488225 4 4;
140, 22648225 4 4;
141, 22808225 4 4;
142, 22968225 4 4;
143, 23128225 4 4;
144, 23288225 4 4;
145, 23448225 4 4;
146, 23608225 4 4;
147, 23768225 4 4;
148, 23928224 4 4;
149, 24088224 4 4;
150, 24248224 4 4;
151, 24408224 4 4;
152, 24568224 4 4;
153, 24728224 5 4;
154, 24928224 5 4;
155, 25128224 5 4;
156, 25328224 5 4;
157, 25528224 4 4;
158, 25648224 4 4;
159, 25785069 4 4;
160, 25936648 4 4;
161, 26088226 4 4;
162, 26239805 4 4;
163, 26391384 4 4;
164, 26542963 4 4;
165, 26694542 4 4;
166, 26846120 4 4;
167, 26997699 4 4;
168, 27149278 5 4;
169, 27338752 4 4;
170, 27490330 4 4;
171, 27641909 4 4;
172, 27793488 4 4;
173, 27945067 4 4;
174, 28096646 4 4;
175, 28248224 4 4;
176, 28399803 4 4;
177, 28551382 4 4;
178, 28702961 4 4;
179, 28854540 4 4;
180, 29006119 4 4;
181, 29157697 4 4;
182, 29309276 4 4;
183, 29460855 4 4;
184, 29612434 4 4;
185, 29764013 4 4;
186, 29915591 4 4;
187, 30067170 4 4;
188, 30218749 4 4;
189, 30370328 4 4;
190, 30521907 4 4;
191, 30673486 4 4;
192, 30825064 4 4;
193, 30976643 4 4;
194, 31128222 4 4;
195, 31279801 4 4;
196, 31431380 4 4;
197, 31582958 4 4;
198, 31734537 4 4;
199, 31886116 4 4;
200, 32037695 4 4;
201, 32189274 4 4;
202, 32340853 4 4;
203, 32492431 4 4;
204, 32644010 4 4;
205, 32795589 4 4;
206, 32947168 3 4;
207, 33060852 2 4;
208, 33136641 3 4;
209, 33250325 3 4;
210, 33364010 3 4;
211, 33477694 2 4;
212, 33553483 3 4;
213, 33667167 3 4;
214, 33780851 3 4;
215, 33894535 2 4;
216, 33970325 3 4;
217, 34084009 4 4;
218, 34235588 4 4;
