0, 0 1;
1, 21818 2;
2, 43636 0;
3, 65454 2;
4, 87273 0;
5, 109091 2;
6, 130909 0;
7, 152727 2;
8, 174545 1;
9, 196363 2;
10, 218182 0;
11, 240000 2;
12, 261818 0;
13, 283636 2;
14, 305454 0;
15, 327272 2;
16, 349091 1;
17, 370909 2;
18, 392727 0;
19, 414545 2;
20, 436363 0;
21, 458181 2;
22, 480000 0;
23, 501818 2;
24, 523636 1;
25, 545454 2;
26, 567272 0;
27, 589090 2;
28, 610908 0;
29, 632727 2;
30, 654545 0;
31, 676363 2;
32, 698181 1;
33, 719999 2;
34, 741817 0;
35, 763636 2;
36, 785454 0;
37, 807272 2;
38, 829090 0;
39, 850908 2;
40, 872726 1;
41, 894545 2;
42, 916363 0;
43, 938181 2;
44, 959999 0;
45, 981817 2;
46, 1003635 0;
47, 1025454 2;
48, 1047272 1;
49, 1069090 2;
50, 1090908 0;
51, 1112726 2;
52, 1134544 0;
53, 1156362 2;
54, 1178181 0;
55, 1199999 2;
56, 1221817 1;
57, 1243635 2;
58, 1265453 0;
59, 1287271 2;
60, 1309090 0;
61, 1330908 2;
62, 1352726 0;
63, 1374544 2;
64, 1396362 1;
65, 1418180 2;
66, 1439999 0;
67, 1461817 2;
68, 1483635 0;
69, 1505453 2;
70, 1527271 0;
71, 1549089 2;
72, 1570908 1;
73, 1592726 2;
74, 1614544 0;
75, 1636362 2;
76, 1658180 0;
77, 1679998 2;
78, 1701816 0;
79, 1723635 2;
80, 1745453 1;
81, 1767271 2;
82, 1789089 0;
83, 1810907 2;
84, 1832725 0;
85, 1854544 2;
86, 1876362 0;
87, 1898180 2;
88, 1919998 1;
89, 1941816 2;
90, 1963634 0;
91, 1985453 2;
92, 2007271 1;
93, 2029089 2;
94, 2050907 0;
95, 2072725 2;
96, 2094543 0;
97, 2116362 2;
98, 2138180 1;
99, 2159998 2;
100, 2181816 0;
101, 2203634 2;
102, 2225452 0;
103, 2247270 2;
104, 2269089 0;
105, 2290907 2;
106, 2312725 1;
107, 2334543 2;
108, 2356361 0;
109, 2378179 2;
110, 2399998 0;
111, 2421816 2;
112, 2443634 0;
113, 2465452 2;
114, 2487270 1;
115, 2509088 2;
116, 2530907 0;
117, 2552725 2;
118, 2574543 0;
119, 2596361 2;
120, 2618179 0;
121, 2639997 2;
122, 2661816 1;
123, 2683634 2;
124, 2705452 0;
125, 2727270 2;
126, 2749088 0;
127, 2770906 2;
128, 2792724 0;
129, 2814543 2;
130, 2836361 1;
131, 2858179 2;
132, 2879997 0;
133, 2901815 2;
134, 2923633 0;
135, 2945452 2;
136, 2967270 0;
137, 2989088 2;
138, 3010906 1;
139, 3032724 2;
140, 3054542 0;
141, 3076361 2;
142, 3098179 0;
143, 3119997 2;
144, 3141815 0;
145, 3163633 2;
146, 3185451 1;
147, 3207270 2;
148, 3229088 0;
149, 3250906 2;
150, 3272724 0;
151, 3294542 2;
152, 3316360 0;
153, 3338178 2;
154, 3359997 1;
155, 3381815 2;
156, 3403633 0;
157, 3425451 2;
158, 3447269 0;
159, 3469087 2;
160, 3490906 1;
161, 3512724 2;
162, 3534542 0;
163, 3556360 2;
164, 3578178 0;
165, 3599996 2;
166, 3621815 0;
167, 3643633 2;
168, 3665451 1;
169, 3687269 2;
170, 3709087 0;
171, 3730905 2;
172, 3752724 0;
173, 3774542 2;
174, 3796360 0;
175, 3818178 2;
176, 3839996 1;
177, 3861814 2;
178, 3883632 0;
179, 3905451 2;
180, 3927269 0;
181, 3949087 2;
182, 3970905 0;
183, 3992723 2;
184, 4014541 1;
185, 4036360 2;
186, 4058178 0;
187, 4079996 2;
188, 4101814 0;
189, 4123632 2;
190, 4145450 0;
191, 4167269 2;
192, 4189087 1;
193, 4210905 2;
194, 4232723 0;
195, 4254541 2;
196, 4276359 0;
197, 4298178 2;
198, 4319996 0;
199, 4341814 2;
200, 4363632 1;
201, 4385450 2;
202, 4407268 0;
203, 4429086 2;
204, 4450905 0;
205, 4472723 2;
206, 4494541 0;
207, 4516359 2;
208, 4538177 1;
209, 4559995 2;
210, 4581814 0;
211, 4603632 2;
212, 4625450 0;
213, 4647268 2;
214, 4669086 0;
215, 4690904 2;
216, 4712723 1;
217, 4734541 2;
218, 4756359 0;
219, 4778177 2;
220, 4799995 0;
221, 4821813 2;
222, 4843632 0;
223, 4865450 2;
224, 4887268 1;
225, 4909086 2;
226, 4930904 0;
227, 4952722 2;
228, 4974540 0;
229, 4996359 2;
230, 5018177 0;
231, 5039995 2;
232, 5061813 1;
233, 5083631 2;
234, 5105449 0;
235, 5127268 2;
236, 5149086 0;
237, 5170904 2;
238, 5192722 0;
239, 5214540 2;
240, 5236358 1;
241, 5258177 2;
242, 5279995 0;
243, 5301813 2;
244, 5323631 0;
245, 5345449 2;
246, 5367267 0;
247, 5389086 2;
248, 5410904 1;
249, 5432722 2;
250, 5454540 0;
251, 5476358 2;
252, 5498176 0;
253, 5519994 2;
254, 5541813 0;
255, 5563631 2;
256, 5585449 1;
257, 5607267 2;
258, 5629085 0;
259, 5650903 2;
260, 5672722 0;
261, 5694540 2;
262, 5716358 0;
263, 5738176 2;
264, 5759994 1;
265, 5781812 2;
266, 5803631 0;
267, 5825449 2;
268, 5847267 0;
269, 5869085 2;
270, 5890903 0;
271, 5912721 2;
272, 5934540 1;
273, 5956358 2;
274, 5978176 0;
275, 5999994 2;
276, 6021812 0;
277, 6043630 2;
278, 6065448 0;
279, 6087267 2;
280, 6109085 1;
281, 6130903 2;
282, 6152721 0;
283, 6174539 2;
284, 6196357 0;
285, 6218176 2;
286, 6239994 0;
287, 6261812 2;
288, 6283630 1;
289, 6305448 2;
290, 6327266 0;
291, 6349085 2;
292, 6370903 0;
293, 6392721 2;
294, 6414539 0;
295, 6436357 2;
296, 6458175 1;
297, 6479994 2;
298, 6501812 0;
299, 6523630 2;
300, 6545448 0;
301, 6567266 2;
302, 6589084 0;
303, 6610902 2;
304, 6632721 1;
305, 6654539 2;
306, 6676357 0;
307, 6698175 2;
308, 6719993 0;
309, 6741811 2;
310, 6763630 0;
311, 6785448 2;
312, 6807266 1;
313, 6829084 2;
314, 6850902 0;
315, 6872720 2;
316, 6894539 0;
317, 6916357 2;
318, 6938175 0;
319, 6959993 2;
320, 6981811 1;
321, 7003629 2;
322, 7025448 0;
323, 7047266 2;
324, 7069084 0;
325, 7090902 2;
326, 7112720 0;
327, 7134538 2;
328, 7156356 1;
329, 7178175 2;
330, 7199993 0;
331, 7221811 2;
332, 7243629 0;
333, 7265447 2;
334, 7287265 0;
335, 7309084 2;
336, 7330902 1;
337, 7352720 2;
338, 7374538 0;
339, 7396356 2;
340, 7418174 0;
341, 7439993 2;
342, 7461811 0;
343, 7483629 2;
344, 7505447 1;
345, 7527265 2;
346, 7549083 0;
347, 7570902 2;
348, 7592720 0;
349, 7614538 2;
350, 7636356 0;
351, 7658174 2;
352, 7679992 1;
353, 7702538 2;
354, 7728432 0;
355, 7758845 2;
356, 7795694 0;
357, 7839330 2;
358, 7882966 0;
359, 7926603 2;
360, 7970239 1;
361, 8013875 2;
362, 8057511 0;
363, 8101148 2;
364, 8144784 0;
365, 8188420 2;
366, 8232057 0;
367, 8275693 2;
368, 8319329 1;
369, 8341148 2;
370, 8362966 0;
371, 8384784 2;
372, 8406602 0;
373, 8428420 2;
374, 8450238 0;
375, 8472057 2;
376, 8493875 1;
377, 8517251 2;
378, 8546342 0;
379, 8575433 2;
380, 8604524 0;
381, 8633615 2;
382, 8662706 0;
383, 8691797 2;
384, 8720887 1;
385, 8735887 2;
386, 8750887 0;
387, 8765887 2;
388, 8780887 0;
389, 8795887 2;
390, 8810887 1;
391, 8825887 2;
392, 8840887 0;
393, 8855887 2;
394, 8870887 0;
395, 8885887 2;
396, 8900887 1;
397, 8915887 2;
398, 8930887 0;
399, 8945887 2;
400, 8960887 0;
401, 8975887 2;
402, 8990887 1;
403, 9005887 2;
404, 9020887 0;
405, 9035887 2;
406, 9050887 0;
407, 9065887 2;
408, 9080887 1;
409, 9095887 2;
410, 9110887 0;
411, 9125887 2;
412, 9140887 0;
413, 9155887 2;
414, 9170887 1;
415, 9185887 2;
416, 9200887 0;
417, 9215887 2;
418, 9230887 0;
419, 9245887 2;
420, 9260887 1;
421, 9275887 2;
422, 9290887 0;
423, 9305887 2;
424, 9320887 0;
425, 9335887 2;
426, 9350887 1;
427, 9365887 2;
428, 9380887 0;
429, 9395887 2;
430, 9410887 0;
431, 9425887 2;
432, 9440887 1;
433, 9455887 2;
434, 9470887 0;
435, 9485887 2;
436, 9500887 1;
437, 9515887 2;
438, 9530887 0;
439, 9545887 2;
440, 9560887 0;
441, 9575887 2;
442, 9590887 0;
443, 9605887 2;
444, 9620887 1;
445, 9635887 2;
446, 9650887 0;
447, 9665887 2;
448, 9680887 0;
449, 9695887 2;
450, 9710887 0;
451, 9725887 2;
452, 9740887 1;
453, 9755887 2;
454, 9770887 0;
455, 9785887 2;
456, 9800887 0;
457, 9815887 2;
458, 9830887 0;
459, 9845887 2;
460, 9860887 1;
461, 9875887 2;
462, 9890887 0;
463, 9905887 2;
464, 9920887 0;
465, 9935887 2;
466, 9950887 1;
467, 9965887 2;
468, 9980887 0;
469, 9995887 2;
470, 10010887 0;
471, 10025887 2;
472, 10040887 0;
473, 10055887 2;
474, 10070887 1;
475, 10085887 2;
476, 10100887 0;
477, 10115887 2;
478, 10130887 0;
479, 10145887 2;
480, 10160887 1;
481, 10175887 2;
482, 10190887 0;
483, 10205887 2;
484, 10220887 0;
485, 10235887 2;
486, 10250887 1;
487, 10265887 2;
488, 10280887 0;
489, 10295887 2;
490, 10310887 0;
491, 10325887 2;
492, 10340887 1;
493, 10355887 2;
494, 10370887 0;
495, 10385887 2;
496, 10400887 0;
497, 10415887 2;
498, 10430887 1;
499, 10445887 2;
500, 10460887 0;
501, 10475887 2;
502, 10490887 0;
503, 10505887 2;
504, 10520887 1;
505, 10535887 2;
506, 10550887 0;
507, 10565887 2;
508, 10580887 0;
509, 10595887 2;
510, 10610887 1;
511, 10625887 2;
512, 10640887 0;
513, 10655887 2;
514, 10670887 0;
515, 10685887 2;
516, 10700887 1;
517, 10715887 2;
518, 10730887 0;
519, 10745887 2;
520, 10760887 0;
521, 10775887 2;
522, 10790887 1;
523, 10805887 2;
524, 10820887 0;
525, 10835887 2;
526, 10850887 0;
527, 10865887 2;
528, 10880887 1;
529, 10895887 2;
530, 10910887 0;
531, 10925887 2;
532, 10940887 0;
533, 10955887 2;
534, 10970887 1;
535, 10990887 2;
536, 11010887 0;
537, 11030887 2;
538, 11050887 0;
539, 11070887 2;
540, 11090887 0;
541, 11110887 2;
542, 11130887 1;
543, 11150887 2;
544, 11170887 0;
545, 11190887 2;
546, 11210887 0;
547, 11230887 2;
548, 11250887 0;
549, 11270887 2;
550, 11290887 1;
551, 11310966 2;
552, 11331365 0;
553, 11352094 2;
554, 11373164 0;
555, 11394587 2;
556, 11416375 0;
557, 11438540 2;
558, 11461095 1;
559, 11484055 2;
560, 11507435 0;
561, 11531249 2;
562, 11555515 0;
563, 11580250 2;
564, 11605472 0;
565, 11631201 2;
566, 11657459 1;
567, 11685151 2;
568, 11712843 0;
569, 11740535 2;
570, 11768228 0;
571, 11795920 2;
572, 11823612 0;
573, 11851305 2;
574, 11878997 1;
575, 11906689 2;
576, 11934382 0;
577, 11962074 2;
578, 11989766 0;
579, 12017459 2;
580, 12045151 0;
581, 12072843 2;
582, 12100535 1;
583, 12128228 2;
584, 12155920 0;
585, 12183612 2;
586, 12211305 0;
587, 12238997 2;
588, 12266689 0;
589, 12294382 2;
590, 12322074 1;
591, 12349766 2;
592, 12377458 0;
593, 12405151 2;
594, 12432843 0;
595, 12460535 2;
596, 12488228 0;
597, 12515920 2;
598, 12543612 1;
599, 12571305 2;
600, 12598997 0;
601, 12626689 2;
602, 12654382 0;
603, 12682074 2;
604, 12709766 0;
605, 12737458 2;
606, 12765151 1;
607, 12792843 2;
608, 12820535 0;
609, 12848228 2;
610, 12875920 0;
611, 12903612 2;
612, 12931305 0;
613, 12958997 2;
614, 12986689 1;
615, 13014381 2;
616, 13042074 0;
617, 13069766 2;
618, 13097458 0;
619, 13125151 2;
620, 13152843 0;
621, 13180535 2;
622, 13208228 1;
623, 13235920 2;
624, 13263612 0;
625, 13291305 2;
626, 13318997 0;
627, 13346689 2;
628, 13374381 0;
629, 13402074 2;
630, 13429766 1;
631, 13457458 2;
632, 13485151 0;
633, 13512843 2;
634, 13540535 0;
635, 13568228 2;
636, 13595920 0;
637, 13623612 2;
638, 13651304 1;
639, 13678997 2;
640, 13706689 0;
641, 13734381 2;
642, 13762074 0;
643, 13789766 2;
644, 13817458 0;
645, 13845151 2;
646, 13872843 1;
647, 13900535 2;
648, 13928228 0;
649, 13955920 2;
650, 13983612 0;
651, 14011304 2;
652, 14038997 0;
653, 14066689 2;
654, 14094381 1;
655, 14122074 2;
656, 14149766 0;
657, 14177458 2;
658, 14205151 0;
659, 14232843 2;
660, 14260535 0;
661, 14288227 2;
662, 14315920 1;
663, 14343612 2;
664, 14371304 0;
665, 14398997 2;
666, 14426689 0;
667, 14454381 2;
668, 14482074 0;
669, 14509766 2;
670, 14537458 1;
671, 14565150 2;
672, 14592843 0;
673, 14620535 2;
674, 14648227 0;
675, 14675920 2;
676, 14703612 0;
677, 14731304 2;
678, 14758997 1;
679, 14786689 2;
680, 14814381 0;
681, 14842074 2;
682, 14869766 0;
683, 14897458 2;
684, 14925150 0;
685, 14952843 2;
686, 14980535 1;
687, 15008227 2;
688, 15035920 0;
689, 15063612 2;
690, 15091304 0;
691, 15118997 2;
692, 15146689 0;
693, 15174381 2;
694, 15202073 1;
695, 15229766 2;
696, 15257458 0;
697, 15285150 2;
698, 15312843 0;
699, 15340535 2;
700, 15368227 0;
701, 15395920 2;
702, 15423612 1;
703, 15451304 2;
704, 15478997 0;
705, 15506689 2;
706, 15534381 0;
707, 15562073 2;
708, 15589766 0;
709, 15617458 2;
710, 15645150 1;
711, 15672843 2;
712, 15700535 0;
713, 15728227 2;
714, 15755920 0;
715, 15783612 2;
716, 15811304 1;
717, 15838996 2;
718, 15866689 0;
719, 15894381 2;
720, 15922073 0;
721, 15949766 2;
722, 15977458 0;
723, 16005150 2;
724, 16032843 1;
725, 16060535 2;
726, 16088227 0;
727, 16115920 2;
728, 16143612 0;
729, 16171304 2;
730, 16198996 0;
731, 16226689 2;
732, 16254381 1;
733, 16282073 2;
734, 16309766 0;
735, 16337458 2;
736, 16365150 0;
737, 16392843 2;
738, 16420535 0;
739, 16448227 2;
740, 16475919 1;
741, 16503612 2;
742, 16531304 0;
743, 16558996 2;
744, 16586689 0;
745, 16614381 2;
746, 16642073 1;
747, 16669766 2;
748, 16697458 0;
749, 16725150 2;
750, 16752843 0;
751, 16780535 2;
752, 16808227 1;
753, 16835919 2;
754, 16863612 0;
755, 16891304 2;
756, 16918996 0;
757, 16946689 2;
758, 16974381 1;
759, 17002073 2;
760, 17029766 0;
761, 17057458 2;
762, 17085150 0;
763, 17112842 2;
764, 17140535 1;
765, 17168227 2;
766, 17195919 0;
767, 17223612 2;
768, 17251304 0;
769, 17278996 2;
770, 17306689 1;
771, 17334381 2;
772, 17362073 0;
773, 17389766 2;
774, 17417458 0;
775, 17445150 2;
776, 17472842 0;
777, 17500535 2;
778, 17528227 1;
779, 17548227 2;
780, 17568227 0;
781, 17588227 2;
782, 17608227 0;
783, 17628227 2;
784, 17648227 0;
785, 17668227 2;
786, 17688227 1;
787, 17708227 2;
788, 17728227 0;
789, 17748227 2;
790, 17768227 0;
791, 17788227 2;
792, 17808227 0;
793, 17828227 2;
794, 17848227 1;
795, 17868227 2;
796, 17888227 0;
797, 17908227 2;
798, 17928227 0;
799, 17948227 2;
800, 17968227 0;
801, 17988227 2;
802, 18008227 1;
803, 18028227 2;
804, 18048227 0;
805, 18068227 2;
806, 18088227 0;
807, 18108227 2;
808, 18128227 0;
809, 18148227 2;
810, 18168227 1;
811, 18188227 2;
812, 18208227 0;
813, 18228227 2;
814, 18248227 0;
815, 18268227 2;
816, 18288227 0;
817, 18308227 2;
818, 18328227 1;
819, 18348227 2;
820, 18368227 0;
821, 18388227 2;
822, 18408227 0;
823, 18428227 2;
824, 18448227 0;
825, 18468227 2;
826, 18488227 1;
827, 18508227 2;
828, 18528227 0;
829, 18548227 2;
830, 18568227 0;
831, 18588227 2;
832, 18608227 0;
833, 18628227 2;
834, 18648227 1;
835, 18668227 2;
836, 18688227 0;
837, 18708227 2;
838, 18728227 0;
839, 18748227 2;
840, 18768227 0;
841, 18788227 2;
842, 18808227 1;
843, 18828227 2;
844, 18848226 0;
845, 18868226 2;
846, 18888226 0;
847, 18908226 2;
848, 18928226 1;
849, 18948226 2;
850, 18968226 0;
851, 18988226 2;
852, 19008226 0;
853, 19028226 2;
854, 19048226 1;
855, 19068226 2;
856, 19088226 0;
857, 19108226 2;
858, 19128226 0;
859, 19148226 2;
860, 19168226 1;
861, 19188226 2;
862, 19208226 0;
863, 19228226 2;
864, 19248226 0;
865, 19268226 2;
866, 19288226 1;
867, 19308226 2;
868, 19328226 0;
869, 19348226 2;
870, 19368226 0;
871, 19388226 2;
872, 19408226 1;
873, 19428226 2;
874, 19448226 0;
875, 19468226 2;
876, 19488226 0;
877, 19508226 2;
878, 19528226 1;
879, 19548226 2;
880, 19568226 0;
881, 19588226 2;
882, 19608226 0;
883, 19628226 2;
884, 19648226 1;
885, 19668226 2;
886, 19688226 0;
887, 19708226 2;
888, 19728226 0;
889, 19748226 2;
890, 19768226 1;
891, 19788226 2;
892, 19808226 0;
893, 19828226 2;
894, 19848226 0;
895, 19868226 2;
896, 19888226 0;
897, 19908226 2;
898, 19928226 1;
899, 19948226 2;
900, 19968226 0;
901, 19988226 2;
902, 20008226 0;
903, 20028226 2;
904, 20048226 0;
905, 20068226 2;
906, 20088226 1;
907, 20108226 2;
908, 20128226 0;
909, 20148226 2;
910, 20168226 0;
911, 20188226 2;
912, 20208226 0;
913, 20228226 2;
914, 20248226 1;
915, 20268226 2;
916, 20288226 0;
917, 20308226 2;
918, 20328226 0;
919, 20348226 2;
920, 20368226 0;
921, 20388226 2;
922, 20408226 1;
923, 20428226 2;
924, 20448226 0;
925, 20468226 2;
926, 20488226 0;
927, 20508226 2;
928, 20528226 0;
929, 20548226 2;
930, 20568226 1;
931, 20588226 2;
932, 20608226 0;
933, 20628226 2;
934, 20648226 0;
935, 20668226 2;
936, 20688226 0;
937, 20708226 2;
938, 20728226 1;
939, 20748226 2;
940, 20768226 0;
941, 20788226 2;
942, 20808226 0;
943, 20828226 2;
944, 20848226 0;
945, 20868226 2;
946, 20888226 1;
947, 20908226 2;
948, 20928226 0;
949, 20948226 2;
950, 20968226 0;
951, 20988226 2;
952, 21008226 0;
953, 21028226 2;
954, 21048226 1;
955, 21068226 2;
956, 21088226 0;
957, 21108226 2;
958, 21128226 0;
959, 21148226 2;
960, 21168226 0;
961, 21188226 2;
962, 21208226 1;
963, 21228226 2;
964, 21248226 0;
965, 21268226 2;
966, 21288226 0;
967, 21308226 2;
968, 21328226 0;
969, 21348225 2;
970, 21368225 1;
971, 21388225 2;
972, 21408225 0;
973, 21428225 2;
974, 21448225 0;
975, 21468225 2;
976, 21488225 0;
977, 21508225 2;
978, 21528225 1;
979, 21548225 2;
980, 21568225 0;
981, 21588225 2;
982, 21608225 0;
983, 21628225 2;
984, 21648225 0;
985, 21668225 2;
986, 21688225 1;
987, 21708225 2;
988, 21728225 0;
989, 21748225 2;
990, 21768225 0;
991, 21788225 2;
992, 21808225 0;
993, 21828225 2;
994, 21848225 1;
995, 21868225 2;
996, 21888225 0;
997, 21908225 2;
998, 21928225 0;
999, 21948225 2;
1000, 21968225 0;
1001, 21988225 2;
1002, 22008225 1;
1003, 22028225 2;
1004, 22048225 0;
1005, 22068225 2;
1006, 22088225 0;
1007, 22108225 2;
1008, 22128225 0;
1009, 22148225 2;
1010, 22168225 1;
1011, 22188225 2;
1012, 22208225 0;
1013, 22228225 2;
1014, 22248225 0;
1015, 22268225 2;
1016, 22288225 0;
1017, 22308225 2;
1018, 22328225 1;
1019, 22348225 2;
1020, 22368225 0;
1021, 22388225 2;
1022, 22408225 0;
1023, 22428225 2;
1024, 22448225 0;
1025, 22468225 2;
1026, 22488225 1;
1027, 22508225 2;
1028, 22528225 0;
1029, 22548225 2;
1030, 22568225 0;
1031, 22588225 2;
1032, 22608225 0;
1033, 22628225 2;
1034, 22648225 1;
1035, 22668225 2;
1036, 22688225 0;
1037, 22708225 2;
1038, 22728225 0;
1039, 22748225 2;
1040, 22768225 0;
1041, 22788225 2;
1042, 22808225 1;
1043, 22828225 2;
1044, 22848225 0;
1045, 22868225 2;
1046, 22888225 0;
1047, 22908225 2;
1048, 22928225 0;
1049, 22948225 2;
1050, 22968225 1;
1051, 22988225 2;
1052, 23008225 0;
1053, 23028225 2;
1054, 23048225 0;
1055, 23068225 2;
1056, 23088225 0;
1057, 23108225 2;
1058, 23128225 1;
1059, 23148225 2;
1060, 23168225 0;
1061, 23188225 2;
1062, 23208225 0;
1063, 23228225 2;
1064, 23248225 0;
1065, 23268225 2;
1066, 23288225 1;
1067, 23308225 2;
1068, 23328225 0;
1069, 23348225 2;
1070, 23368225 0;
1071, 23388225 2;
1072, 23408225 0;
1073, 23428225 2;
1074, 23448225 1;
1075, 23468225 2;
1076, 23488225 0;
1077, 23508225 2;
1078, 23528225 0;
1079, 23548225 2;
1080, 23568225 0;
1081, 23588225 2;
1082, 23608225 1;
1083, 23628225 2;
1084, 23648225 0;
1085, 23668225 2;
1086, 23688225 0;
1087, 23708225 2;
1088, 23728225 0;
1089, 23748225 2;
1090, 23768225 1;
1091, 23788225 2;
1092, 23808225 0;
1093, 23828224 2;
1094, 23848224 0;
1095, 23868224 2;
1096, 23888224 0;
1097, 23908224 2;
1098, 23928224 1;
1099, 23948224 2;
1100, 23968224 0;
1101, 23988224 2;
1102, 24008224 0;
1103, 24028224 2;
1104, 24048224 0;
1105, 24068224 2;
1106, 24088224 1;
1107, 24108224 2;
1108, 24128224 0;
1109, 24148224 2;
1110, 24168224 0;
1111, 24188224 2;
1112, 24208224 0;
1113, 24228224 2;
1114, 24248224 1;
1115, 24268224 2;
1116, 24288224 0;
1117, 24308224 2;
1118, 24328224 0;
1119, 24348224 2;
1120, 24368224 0;
1121, 24388224 2;
1122, 24408224 1;
1123, 24428224 2;
1124, 24448224 0;
1125, 24468224 2;
1126, 24488224 0;
1127, 24508224 2;
1128, 24528224 0;
1129, 24548224 2;
1130, 24568224 1;
1131, 24588224 2;
1132, 24608224 0;
1133, 24628224 2;
1134, 24648224 0;
1135, 24668224 2;
1136, 24688224 0;
1137, 24708224 2;
1138, 24728224 1;
1139, 24748224 2;
1140, 24768224 0;
1141, 24788224 2;
1142, 24808224 0;
1143, 24828224 2;
1144, 24848224 0;
1145, 24868224 2;
1146, 24888224 0;
1147, 24908224 2;
1148, 24928224 1;
1149, 24948224 2;
1150, 24968224 0;
1151, 24988224 2;
1152, 25008224 0;
1153, 25028224 2;
1154, 25048224 0;
1155, 25068224 2;
1156, 25088224 0;
1157, 25108224 2;
1158, 25128224 1;
1159, 25148224 2;
1160, 25168224 0;
1161, 25188224 2;
1162, 25208224 0;
1163, 25228224 2;
1164, 25248224 0;
1165, 25268224 2;
1166, 25288224 0;
1167, 25308224 2;
1168, 25328224 1;
1169, 25348224 2;
1170, 25368224 0;
1171, 25388224 2;
1172, 25408224 0;
1173, 25428224 2;
1174, 25448224 0;
1175, 25468224 2;
1176, 25488224 0;
1177, 25508224 2;
1178, 25528224 1;
1179, 25543224 2;
1180, 25558224 0;
1181, 25573224 2;
1182, 25588224 0;
1183, 25603224 2;
1184, 25618224 0;
1185, 25633224 2;
1186, 25648224 1;
1187, 25663343 2;
1188, 25678954 0;
1189, 25695089 2;
1190, 25711786 0;
1191, 25729085 2;
1192, 25747030 0;
1193, 25765673 2;
1194, 25785069 1;
1195, 25804016 2;
1196, 25822963 0;
1197, 25841911 2;
1198, 25860858 0;
1199, 25879805 2;
1200, 25898753 0;
1201, 25917700 2;
1202, 25936648 1;
1203, 25955595 2;
1204, 25974542 0;
1205, 25993490 2;
1206, 26012437 0;
1207, 26031384 2;
1208, 26050332 0;
1209, 26069279 2;
1210, 26088226 1;
1211, 26107174 2;
1212, 26126121 0;
1213, 26145068 2;
1214, 26164016 0;
1215, 26182963 2;
1216, 26201910 0;
1217, 26220858 2;
1218, 26239805 1;
1219, 26258753 2;
1220, 26277700 0;
1221, 26296647 2;
1222, 26315595 0;
1223, 26334542 2;
1224, 26353489 0;
1225, 26372437 2;
1226, 26391384 1;
1227, 26410331 2;
1228, 26429279 0;
1229, 26448226 2;
1230, 26467173 0;
1231, 26486121 2;
1232, 26505068 0;
1233, 26524015 2;
1234, 26542963 1;
1235, 26561910 2;
1236, 26580858 0;
1237, 26599805 2;
1238, 26618752 0;
1239, 26637700 2;
1240, 26656647 0;
1241, 26675594 2;
1242, 26694542 1;
1243, 26713489 2;
1244, 26732436 0;
1245, 26751384 2;
1246, 26770331 0;
1247, 26789278 2;
1248, 26808226 0;
1249, 26827173 2;
1250, 26846120 1;
1251, 26865068 2;
1252, 26884015 0;
1253, 26902962 2;
1254, 26921910 0;
1255, 26940857 2;
1256, 26959805 0;
1257, 26978752 2;
1258, 26997699 1;
1259, 27016647 2;
1260, 27035594 0;
1261, 27054541 2;
1262, 27073489 0;
1263, 27092436 2;
1264, 27111383 0;
1265, 27130331 2;
1266, 27149278 1;
1267, 27168225 2;
1268, 27187173 0;
1269, 27206120 2;
1270, 27225067 0;
1271, 27244015 2;
1272, 27262962 0;
1273, 27281910 2;
1274, 27300857 0;
1275, 27319804 2;
1276, 27338752 1;
1277, 27357699 2;
1278, 27376646 0;
1279, 27395594 2;
1280, 27414541 0;
1281, 27433488 2;
1282, 27452436 0;
1283, 27471383 2;
1284, 27490330 1;
1285, 27509278 2;
1286, 27528225 0;
1287, 27547172 2;
1288, 27566120 0;
1289, 27585067 2;
1290, 27604015 0;
1291, 27622962 2;
1292, 27641909 1;
1293, 27660857 2;
1294, 27679804 0;
1295, 27698751 2;
1296, 27717699 0;
1297, 27736646 2;
1298, 27755593 0;
1299, 27774541 2;
1300, 27793488 1;
1301, 27812435 2;
1302, 27831383 0;
1303, 27850330 2;
1304, 27869277 0;
1305, 27888225 2;
1306, 27907172 0;
1307, 27926120 2;
1308, 27945067 1;
1309, 27964014 2;
1310, 27982962 0;
1311, 28001909 2;
1312, 28020856 0;
1313, 28039804 2;
1314, 28058751 0;
1315, 28077698 2;
1316, 28096646 1;
1317, 28115593 2;
1318, 28134540 0;
1319, 28153488 2;
1320, 28172435 0;
1321, 28191382 2;
1322, 28210330 0;
1323, 28229277 2;
1324, 28248224 1;
1325, 28267172 2;
1326, 28286119 0;
1327, 28305067 2;
1328, 28324014 0;
1329, 28342961 2;
1330, 28361909 0;
1331, 28380856 2;
1332, 28399803 1;
1333, 28418751 2;
1334, 28437698 0;
1335, 28456645 2;
1336, 28475593 0;
1337, 28494540 2;
1338, 28513487 0;
1339, 28532435 2;
1340, 28551382 1;
1341, 28570329 2;
1342, 28589277 0;
1343, 28608224 2;
1344, 28627172 0;
1345, 28646119 2;
1346, 28665066 0;
1347, 28684014 2;
1348, 28702961 1;
1349, 28721908 2;
1350, 28740856 0;
1351, 28759803 2;
1352, 28778750 0;
1353, 28797698 2;
1354, 28816645 0;
1355, 28835592 2;
1356, 28854540 1;
1357, 28873487 2;
1358, 28892434 0;
1359, 28911382 2;
1360, 28930329 0;
1361, 28949277 2;
1362, 28968224 0;
1363, 28987171 2;
1364, 29006119 1;
1365, 29025066 2;
1366, 29044013 0;
1367, 29062961 2;
1368, 29081908 0;
1369, 29100855 2;
1370, 29119803 0;
1371, 29138750 2;
1372, 29157697 1;
1373, 29176645 2;
1374, 29195592 0;
1375, 29214539 2;
1376, 29233487 0;
1377, 29252434 2;
1378, 29271381 0;
1379, 29290329 2;
1380, 29309276 1;
1381, 29328224 2;
1382, 29347171 0;
1383, 29366118 2;
1384, 29385066 0;
1385, 29404013 2;
1386, 29422960 0;
1387, 29441908 2;
1388, 29460855 1;
1389, 29479802 2;
1390, 29498750 0;
1391, 29517697 2;
1392, 29536644 0;
1393, 29555592 2;
1394, 29574539 0;
1395, 29593486 2;
1396, 29612434 1;
1397, 29631381 2;
1398, 29650329 0;
1399, 29669276 2;
1400, 29688223 0;
1401, 29707171 2;
1402, 29726118 0;
1403, 29745065 2;
1404, 29764013 1;
1405, 29782960 2;
1406, 29801907 0;
1407, 29820855 2;
1408, 29839802 0;
1409, 29858749 2;
1410, 29877697 0;
1411, 29896644 2;
1412, 29915591 1;
1413, 29934539 2;
1414, 29953486 0;
1415, 29972434 2;
1416, 29991381 0;
1417, 30010328 2;
1418, 30029276 0;
1419, 30048223 2;
1420, 30067170 1;
1421, 30086118 2;
1422, 30105065 0;
1423, 30124012 2;
1424, 30142960 0;
1425, 30161907 2;
1426, 30180854 0;
1427, 30199802 2;
1428, 30218749 1;
1429, 30237696 2;
1430, 30256644 0;
1431, 30275591 2;
1432, 30294539 0;
1433, 30313486 2;
1434, 30332433 0;
1435, 30351381 2;
1436, 30370328 1;
1437, 30389275 2;
1438, 30408223 0;
1439, 30427170 2;
1440, 30446117 0;
1441, 30465065 2;
1442, 30484012 0;
1443, 30502959 2;
1444, 30521907 1;
1445, 30540854 2;
1446, 30559801 0;
1447, 30578749 2;
1448, 30597696 0;
1449, 30616643 2;
1450, 30635591 0;
1451, 30654538 2;
1452, 30673486 1;
1453, 30692433 2;
1454, 30711380 0;
1455, 30730328 2;
1456, 30749275 0;
1457, 30768222 2;
1458, 30787170 0;
1459, 30806117 2;
1460, 30825064 1;
1461, 30844012 2;
1462, 30862959 0;
1463, 30881906 2;
1464, 30900854 0;
1465, 30919801 2;
1466, 30938748 0;
1467, 30957696 2;
1468, 30976643 1;
1469, 30995591 2;
1470, 31014538 0;
1471, 31033485 2;
1472, 31052433 0;
1473, 31071380 2;
1474, 31090327 0;
1475, 31109275 2;
1476, 31128222 1;
1477, 31147169 2;
1478, 31166117 0;
1479, 31185064 2;
1480, 31204011 0;
1481, 31222959 2;
1482, 31241906 0;
1483, 31260853 2;
1484, 31279801 1;
1485, 31298748 2;
1486, 31317696 0;
1487, 31336643 2;
1488, 31355590 0;
1489, 31374538 2;
1490, 31393485 0;
1491, 31412432 2;
1492, 31431380 1;
1493, 31450327 2;
1494, 31469274 0;
1495, 31488222 2;
1496, 31507169 0;
1497, 31526116 2;
1498, 31545064 0;
1499, 31564011 2;
1500, 31582958 1;
1501, 31601906 2;
1502, 31620853 0;
1503, 31639800 2;
1504, 31658748 0;
1505, 31677695 2;
1506, 31696643 0;
1507, 31715590 2;
1508, 31734537 1;
1509, 31753485 2;
1510, 31772432 0;
1511, 31791379 2;
1512, 31810327 0;
1513, 31829274 2;
1514, 31848221 0;
1515, 31867169 2;
1516, 31886116 1;
1517, 31905063 2;
1518, 31924011 0;
1519, 31942958 2;
1520, 31961905 0;
1521, 31980853 2;
1522, 31999800 0;
1523, 32018748 2;
1524, 32037695 1;
1525, 32056642 2;
1526, 32075590 0;
1527, 32094537 2;
1528, 32113484 0;
1529, 32132432 2;
1530, 32151379 0;
1531, 32170326 2;
1532, 32189274 1;
1533, 32208221 2;
1534, 32227168 0;
1535, 32246116 2;
1536, 32265063 0;
1537, 32284010 2;
1538, 32302958 0;
1539, 32321905 2;
1540, 32340853 1;
1541, 32359800 2;
1542, 32378747 0;
1543, 32397695 2;
1544, 32416642 0;
1545, 32435589 2;
1546, 32454537 0;
1547, 32473484 2;
1548, 32492431 1;
1549, 32511379 2;
1550, 32530326 0;
1551, 32549273 2;
1552, 32568221 0;
1553, 32587168 2;
1554, 32606115 0;
1555, 32625063 2;
1556, 32644010 1;
1557, 32662958 2;
1558, 32681905 0;
1559, 32700852 2;
1560, 32719800 0;
1561, 32738747 2;
1562, 32757694 0;
1563, 32776642 2;
1564, 32795589 1;
1565, 32814536 2;
1566, 32833484 0;
1567, 32852431 2;
1568, 32871378 0;
1569, 32890326 2;
1570, 32909273 0;
1571, 32928220 2;
1572, 32947168 1;
1573, 32966115 2;
1574, 32985062 0;
1575, 33004010 2;
1576, 33022957 0;
1577, 33041905 2;
1578, 33060852 1;
1579, 33079799 2;
1580, 33098747 0;
1581, 33117694 2;
1582, 33136641 1;
1583, 33155589 2;
1584, 33174536 0;
1585, 33193483 2;
1586, 33212431 0;
1587, 33231378 2;
1588, 33250325 1;
1589, 33269273 2;
1590, 33288220 0;
1591, 33307167 2;
1592, 33326115 0;
1593, 33345062 2;
1594, 33364010 1;
1595, 33382957 2;
1596, 33401904 0;
1597, 33420852 2;
1598, 33439799 0;
1599, 33458746 2;
1600, 33477694 1;
1601, 33496641 2;
1602, 33515588 0;
1603, 33534536 2;
1604, 33553483 1;
1605, 33572430 2;
1606, 33591378 0;
1607, 33610325 2;
1608, 33629272 0;
1609, 33648220 2;
1610, 33667167 1;
1611, 33686115 2;
1612, 33705062 0;
1613, 33724009 2;
1614, 33742957 0;
1615, 33761904 2;
1616, 33780851 1;
1617, 33799799 2;
1618, 33818746 0;
1619, 33837693 2;
1620, 33856641 0;
1621, 33875588 2;
1622, 33894535 1;
1623, 33913483 2;
1624, 33932430 0;
1625, 33951377 2;
1626, 33970325 1;
1627, 33989272 2;
1628, 34008219 0;
1629, 34027167 2;
1630, 34046114 0;
1631, 34065062 2;
1632, 34084009 1;
1633, 34102956 2;
1634, 34121904 0;
1635, 34140851 2;
1636, 34159798 0;
1637, 34178746 2;
1638, 34197693 0;
1639, 34216640 2;
1640, 34235588 1;
1641, 34254535 2;
1642, 34273482 0;
1643, 34292430 2;
1644, 34311377 0;
1645, 34330324 2;
1646, 34349272 0;
1647, 34368219 2;
