0, 0 1 1;
1, 43636 1 2;
2, 87273 1 3;
3, 130909 1 4;
4, 174545 2 1;
5, 218182 2 2;
6, 261818 2 3;
7, 305454 2 4;
8, 349091 3 1;
9, 392727 3 2;
10, 436363 3 3;
11, 480000 3 4;
12, 523636 4 1;
13, 567272 4 2;
14, 610908 4 3;
15, 654545 4 4;
16, 698181 5 1;
17, 741817 5 2;
18, 785454 5 3;
19, 829090 5 4;
20, 872726 6 1;
21, 916363 6 2;
22, 959999 6 3;
23, 1003635 6 4;
24, 1047272 7 1;
25, 1090908 7 2;
26, 1134544 7 3;
27, 1178181 7 4;
28, 1221817 8 1;
29, 1265453 8 2;
30, 1309090 8 3;
31, 1352726 8 4;
32, 1396362 9 1;
33, 1439999 9 2;
34, 1483635 9 3;
35, 1527271 9 4;
36, 1570908 10 1;
37, 1614544 10 2;
38, 1658180 10 3;
39, 1701816 10 4;
40, 1745453 11 1;
41, 1789089 11 2;
42, 1832725 11 3;
43, 1876362 11 4;
44, 1919998 12 1;
45, 1963634 12 2;
46, 2007271 13 1;
47, 2050907 13 2;
48, 2094543 13 3;
49, 2138180 14 1;
50, 2181816 14 2;
51, 2225452 14 3;
52, 2269089 14 4;
53, 2312725 15 1;
54, 2356361 15 2;
55, 2399998 15 3;
56, 2443634 15 4;
57, 2487270 16 1;
58, 2530907 16 2;
59, 2574543 16 3;
60, 2618179 16 4;
61, 2661816 17 1;
62, 2705452 17 2;
63, 2749088 17 3;
64, 2792724 17 4;
65, 2836361 18 1;
66, 2879997 18 2;
67, 2923633 18 3;
68, 2967270 18 4;
69, 3010906 19 1;
70, 3054542 19 2;
71, 3098179 19 3;
72, 3141815 19 4;
73, 3185451 20 1;
74, 3229088 20 2;
75, 3272724 20 3;
76, 3316360 20 4;
77, 3359997 21 1;
78, 3403633 21 2;
79, 3447269 21 3;
80, 3490906 22 1;
81, 3534542 22 2;
82, 3578178 22 3;
83, 3621815 22 4;
84, 3665451 23 1;
85, 3709087 23 2;
86, 3752724 23 3;
87, 3796360 23 4;
88, 3839996 24 1;
89, 3883632 24 2;
90, 3927269 24 3;
91, 3970905 24 4;
92, 4014541 25 1;
93, 4058178 25 2;
94, 4101814 25 3;
95, 4145450 25 4;
96, 4189087 26 1;
97, 4232723 26 2;
98, 4276359 26 3;
99, 4319996 26 4;
100, 4363632 27 1;
101, 4407268 27 2;
102, 4450905 27 3;
103, 4494541 27 4;
104, 4538177 28 1;
105, 4581814 28 2;
106, 4625450 28 3;
107, 4669086 28 4;
108, 4712723 29 1;
109, 4756359 29 2;
110, 4799995 29 3;
111, 4843632 29 4;
112, 4887268 30 1;
113, 4930904 30 2;
114, 4974540 30 3;
115, 5018177 30 4;
116, 5061813 31 1;
117, 5105449 31 2;
118, 5149086 31 3;
119, 5192722 31 4;
120, 5236358 32 1;
121, 5279995 32 2;
122, 5323631 32 3;
123, 5367267 32 4;
124, 5410904 33 1;
125, 5454540 33 2;
126, 5498176 33 3;
127, 5541813 33 4;
128, 5585449 34 1;
129, 5629085 34 2;
130, 5672722 34 3;
131, 5716358 34 4;
132, 5759994 35 1;
133, 5803631 35 2;
134, 5847267 35 3;
135, 5890903 35 4;
136, 5934540 36 1;
137, 5978176 36 2;
138, 6021812 36 3;
139, 6065448 36 4;
140, 6109085 37 1;
141, 6152721 37 2;
142, 6196357 37 3;
143, 6239994 37 4;
144, 6283630 38 1;
145, 6327266 38 2;
146, 6370903 38 3;
147, 6414539 38 4;
148, 6458175 39 1;
149, 6501812 39 2;
150, 6545448 39 3;
151, 6589084 39 4;
152, 6632721 40 1;
153, 6676357 40 2;
154, 6719993 40 3;
155, 6763630 40 4;
156, 6807266 41 1;
157, 6850902 41 2;
158, 6894539 41 3;
159, 6938175 41 4;
160, 6981811 42 1;
161, 7025448 42 2;
162, 7069084 42 3;
163, 7112720 42 4;
164, 7156356 43 1;
165, 7199993 43 2;
166, 7243629 43 3;
167, 7287265 43 4;
168, 7330902 44 1;
169, 7374538 44 2;
170, 7418174 44 3;
171, 7461811 44 4;
172, 7505447 45 1;
173, 7549083 45 2;
174, 7592720 45 3;
175, 7636356 45 4;
176, 7679992 46 1;
177, 7728432 46 2;
178, 7795694 46 3;
179, 7882966 46 4;
180, 7970239 47 1;
181, 8057511 47 2;
182, 8144784 47 3;
183, 8232057 47 4;
184, 8319329 48 1;
185, 8362966 48 2;
186, 8406602 48 3;
187, 8450238 48 4;
188, 8493875 49 1;
189, 8546342 49 2;
190, 8604524 49 3;
191, 8662706 49 4;
192, 8720887 50 1;
193, 8750887 50 2;
194, 8780887 50 3;
195, 8810887 51 1;
196, 8840887 51 2;
197, 8870887 51 3;
198, 8900887 52 1;
199, 8930887 52 2;
200, 8960887 52 3;
201, 8990887 53 1;
202, 9020887 53 2;
203, 9050887 53 3;
204, 9080887 54 1;
205, 9110887 54 2;
206, 9140887 54 3;
207, 9170887 55 1;
208, 9200887 55 2;
209, 9230887 55 3;
210, 9260887 56 1;
211, 9290887 56 2;
212, 9320887 56 3;
213, 9350887 57 1;
214, 9380887 57 2;
215, 9410887 57 3;
216, 9440887 58 1;
217, 9470887 58 2;
218, 9500887 59 1;
219, 9530887 59 2;
220, 9560887 59 3;
221, 9590887 59 4;
222, 9620887 60 1;
223, 9650887 60 2;
224, 9680887 60 3;
225, 9710887 60 4;
226, 9740887 61 1;
227, 9770887 61 2;
228, 9800887 61 3;
229, 9830887 61 4;
230, 9860887 62 1;
231, 9890887 62 2;
232, 9920887 62 3;
233, 9950887 63 1;
234, 9980887 63 2;
235, 10010887 63 3;
236, 10040887 63 4;
237, 10070887 64 1;
238, 10100887 64 2;
239, 10130887 64 3;
240, 10160887 65 1;
241, 10190887 65 2;
242, 10220887 65 3;
243, 10250887 66 1;
244, 10280887 66 2;
245, 10310887 66 3;
246, 10340887 67 1;
247, 10370887 67 2;
248, 10400887 67 3;
249, 10430887 68 1;
250, 10460887 68 2;
251, 10490887 68 3;
252, 10520887 69 1;
253, 10550887 69 2;
254, 10580887 69 3;
255, 10610887 70 1;
256, 10640887 70 2;
257, 10670887 70 3;
258, 10700887 71 1;
259, 10730887 71 2;
260, 10760887 71 3;
261, 10790887 72 1;
262, 10820887 72 2;
263, 10850887 72 3;
264, 10880887 73 1;
265, 10910887 73 2;
266, 10940887 73 3;
267, 10970887 74 1;
268, 11010887 74 2;
269, 11050887 74 3;
270, 11090887 74 4;
271, 11130887 75 1;
272, 11170887 75 2;
273, 11210887 75 3;
274, 11250887 75 4;
275, 11290887 76 1;
276, 11331365 76 2;
277, 11373164 76 3;
278, 11416375 76 4;
279, 11461095 77 1;
280, 11507435 77 2;
281, 11555515 77 3;
282, 11605472 77 4;
283, 11657459 78 1;
284, 11712843 78 2;
285, 11768228 78 3;
286, 11823612 78 4;
287, 11878997 79 1;
288, 11934382 79 2;
289, 11989766 79 3;
290, 12045151 79 4;
291, 12100535 80 1;
292, 12155920 80 2;
293, 12211305 80 3;
294, 12266689 80 4;
295, 12322074 81 1;
296, 12377458 81 2;
297, 12432843 81 3;
298, 12488228 81 4;
299, 12543612 82 1;
300, 12598997 82 2;
301, 12654382 82 3;
302, 12709766 82 4;
303, 12765151 83 1;
304, 12820535 83 2;
305, 12875920 83 3;
306, 12931305 83 4;
307, 12986689 84 1;
308, 13042074 84 2;
309, 13097458 84 3;
310, 13152843 84 4;
311, 13208228 85 1;
312, 13263612 85 2;
313, 13318997 85 3;
314, 13374381 85 4;
315, 13429766 86 1;
316, 13485151 86 2;
317, 13540535 86 3;
318, 13595920 86 4;
319, 13651304 87 1;
320, 13706689 87 2;
321, 13762074 87 3;
322, 13817458 87 4;
323, 13872843 88 1;
324, 13928228 88 2;
325, 13983612 88 3;
326, 14038997 88 4;
327, 14094381 89 1;
328, 14149766 89 2;
329, 14205151 89 3;
330, 14260535 89 4;
331, 14315920 90 1;
332, 14371304 90 2;
333, 14426689 90 3;
334, 14482074 90 4;
335, 14537458 91 1;
336, 14592843 91 2;
337, 14648227 91 3;
338, 14703612 91 4;
339, 14758997 92 1;
340, 14814381 92 2;
341, 14869766 92 3;
342, 14925150 92 4;
343, 14980535 93 1;
344, 15035920 93 2;
345, 15091304 93 3;
346, 15146689 93 4;
347, 15202073 94 1;
348, 15257458 94 2;
349, 15312843 94 3;
350, 15368227 94 4;
351, 15423612 95 1;
352, 15478997 95 2;
353, 15534381 95 3;
354, 15589766 95 4;
355, 15645150 96 1;
356, 15700535 96 2;
357, 15755920 96 3;
358, 15811304 97 1;
359, 15866689 97 2;
360, 15922073 97 3;
361, 15977458 97 4;
362, 16032843 98 1;
363, 16088227 98 2;
364, 16143612 98 3;
365, 16198996 98 4;
366, 16254381 99 1;
367, 16309766 99 2;
368, 16365150 99 3;
369, 16420535 99 4;
370, 16475919 100 1;
371, 16531304 100 2;
372, 16586689 100 3;
373, 16642073 101 1;
374, 16697458 101 2;
375, 16752843 101 3;
376, 16808227 102 1;
377, 16863612 102 2;
378, 16918996 102 3;
379, 16974381 103 1;
380, 17029766 103 2;
381, 17085150 103 3;
382, 17140535 104 1;
383, 17195919 104 2;
384, 17251304 104 3;
385, 17306689 105 1;
386, 17362073 105 2;
387, 17417458 105 3;
388, 17472842 105 4;
389, 17528227 106 1;
390, 17568227 106 2;
391, 17608227 106 3;
392, 17648227 106 4;
393, 17688227 107 1;
394, 17728227 107 2;
395, 17768227 107 3;
396, 17808227 107 4;
397, 17848227 108 1;
398, 17888227 108 2;
399, 17928227 108 3;
400, 17968227 108 4;
401, 18008227 109 1;
402, 18048227 109 2;
403, 18088227 109 3;
404, 18128227 109 4;
405, 18168227 110 1;
406, 18208227 110 2;
407, 18248227 110 3;
408, 18288227 110 4;
409, 18328227 111 1;
410, 18368227 111 2;
411, 18408227 111 3;
412, 18448227 111 4;
413, 18488227 112 1;
414, 18528227 112 2;
415, 18568227 112 3;
416, 18608227 112 4;
417, 18648227 113 1;
418, 18688227 113 2;
419, 18728227 113 3;
420, 18768227 113 4;
421, 18808227 114 1;
422, 18848226 114 2;
423, 18888226 114 3;
424, 18928226 115 1;
425, 18968226 115 2;
426, 19008226 115 3;
427, 19048226 116 1;
428, 19088226 116 2;
429, 19128226 116 3;
430, 19168226 117 1;
431, 19208226 117 2;
432, 19248226 117 3;
433, 19288226 118 1;
434, 19328226 118 2;
435, 19368226 118 3;
436, 19408226 119 1;
437, 19448226 119 2;
438, 19488226 119 3;
439, 19528226 120 1;
440, 19568226 120 2;
441, 19608226 120 3;
442, 19648226 121 1;
443, 19688226 121 2;
444, 19728226 121 3;
445, 19768226 122 1;
446, 19808226 122 2;
447, 19848226 122 3;
448, 19888226 122 4;
449, 19928226 123 1;
450, 19968226 123 2;
451, 20008226 123 3;
452, 20048226 123 4;
453, 20088226 124 1;
454, 20128226 124 2;
455, 20168226 124 3;
456, 20208226 124 4;
457, 20248226 125 1;
458, 20288226 125 2;
459, 20328226 125 3;
460, 20368226 125 4;
461, 20408226 126 1;
462, 20448226 126 2;
463, 20488226 126 3;
464, 20528226 126 4;
465, 20568226 127 1;
466, 20608226 127 2;
467, 20648226 127 3;
468, 20688226 127 4;
469, 20728226 128 1;
470, 20768226 128 2;
471, 20808226 128 3;
472, 20848226 128 4;
473, 20888226 129 1;
474, 20928226 129 2;
475, 20968226 129 3;
476, 21008226 129 4;
477, 21048226 130 1;
478, 21088226 130 2;
479, 21128226 130 3;
480, 21168226 130 4;
481, 21208226 131 1;
482, 21248226 131 2;
483, 21288226 131 3;
484, 21328226 131 4;
485, 21368225 132 1;
486, 21408225 132 2;
487, 21448225 132 3;
488, 21488225 132 4;
489, 21528225 133 1;
490, 21568225 133 2;
491, 21608225 133 3;
492, 21648225 133 4;
493, 21688225 134 1;
494, 21728225 134 2;
495, 21768225 134 3;
496, 21808225 134 4;
497, 21848225 135 1;
498, 21888225 135 2;
499, 21928225 135 3;
500, 21968225 135 4;
501, 22008225 136 1;
502, 22048225 136 2;
503, 22088225 136 3;
504, 22128225 136 4;
505, 22168225 137 1;
506, 22208225 137 2;
507, 22248225 137 3;
508, 22288225 137 4;
509, 22328225 138 1;
510, 22368225 138 2;
511, 22408225 138 3;
512, 22448225 138 4;
513, 22488225 139 1;
514, 22528225 139 2;
515, 22568225 139 3;
516, 22608225 139 4;
517, 22648225 140 1;
518, 22688225 140 2;
519, 22728225 140 3;
520, 22768225 140 4;
521, 22808225 141 1;
522, 22848225 141 2;
523, 22888225 141 3;
524, 22928225 141 4;
525, 22968225 142 1;
526, 23008225 142 2;
527, 23048225 142 3;
528, 23088225 142 4;
529, 23128225 143 1;
530, 23168225 143 2;
531, 23208225 143 3;
532, 23248225 143 4;
533, 23288225 144 1;
534, 23328225 144 2;
535, 23368225 144 3;
536, 23408225 144 4;
537, 23448225 145 1;
538, 23488225 145 2;
539, 23528225 145 3;
540, 23568225 145 4;
541, 23608225 146 1;
542, 23648225 146 2;
543, 23688225 146 3;
544, 23728225 146 4;
545, 23768225 147 1;
546, 23808225 147 2;
547, 23848224 147 3;
548, 23888224 147 4;
549, 23928224 148 1;
550, 23968224 148 2;
551, 24008224 148 3;
552, 24048224 148 4;
553, 24088224 149 1;
554, 24128224 149 2;
555, 24168224 149 3;
556, 24208224 149 4;
557, 24248224 150 1;
558, 24288224 150 2;
559, 24328224 150 3;
560, 24368224 150 4;
561, 24408224 151 1;
562, 24448224 151 2;
563, 24488224 151 3;
564, 24528224 151 4;
565, 24568224 152 1;
566, 24608224 152 2;
567, 24648224 152 3;
568, 24688224 152 4;
569, 24728224 153 1;
570, 24768224 153 2;
571, 24808224 153 3;
572, 24848224 153 4;
573, 24888224 153 5;
574, 24928224 154 1;
575, 24968224 154 2;
576, 25008224 154 3;
577, 25048224 154 4;
578, 25088224 154 5;
579, 25128224 155 1;
580, 25168224 155 2;
581, 25208224 155 3;
582, 25248224 155 4;
583, 25288224 155 5;
584, 25328224 156 1;
585, 25368224 156 2;
586, 25408224 156 3;
587, 25448224 156 4;
588, 25488224 156 5;
589, 25528224 157 1;
590, 25558224 157 2;
591, 25588224 157 3;
592, 25618224 157 4;
593, 25648224 158 1;
594, 25678954 158 2;
595, 25711786 158 3;
596, 25747030 158 4;
597, 25785069 159 1;
598, 25822963 159 2;
599, 25860858 159 3;
600, 25898753 159 4;
601, 25936648 160 1;
602, 25974542 160 2;
603, 26012437 160 3;
604, 26050332 160 4;
605, 26088226 161 1;
606, 26126121 161 2;
607, 26164016 161 3;
608, 26201910 161 4;
609, 26239805 162 1;
610, 26277700 162 2;
611, 26315595 162 3;
612, 26353489 162 4;
613, 26391384 163 1;
614, 26429279 163 2;
615, 26467173 163 3;
616, 26505068 163 4;
617, 26542963 164 1;
618, 26580858 164 2;
619, 26618752 164 3;
620, 26656647 164 4;
621, 26694542 165 1;
622, 26732436 165 2;
623, 26770331 165 3;
624, 26808226 165 4;
625, 26846120 166 1;
626, 26884015 166 2;
627, 26921910 166 3;
628, 26959805 166 4;
629, 26997699 167 1;
630, 27035594 167 2;
631, 27073489 167 3;
632, 27111383 167 4;
633, 27149278 168 1;
634, 27187173 168 2;
635, 27225067 168 3;
636, 27262962 168 4;
637, 27300857 168 5;
638, 27338752 169 1;
639, 27376646 169 2;
640, 27414541 169 3;
641, 27452436 169 4;
642, 27490330 170 1;
643, 27528225 170 2;
644, 27566120 170 3;
645, 27604015 170 4;
646, 27641909 171 1;
647, 27679804 171 2;
648, 27717699 171 3;
649, 27755593 171 4;
650, 27793488 172 1;
651, 27831383 172 2;
652, 27869277 172 3;
653, 27907172 172 4;
654, 27945067 173 1;
655, 27982962 173 2;
656, 28020856 173 3;
657, 28058751 173 4;
658, 28096646 174 1;
659, 28134540 174 2;
660, 28172435 174 3;
661, 28210330 174 4;
662, 28248224 175 1;
663, 28286119 175 2;
664, 28324014 175 3;
665, 28361909 175 4;
666, 28399803 176 1;
667, 28437698 176 2;
668, 28475593 176 3;
669, 28513487 176 4;
670, 28551382 177 1;
671, 28589277 177 2;
672, 28627172 177 3;
673, 28665066 177 4;
674, 28702961 178 1;
675, 28740856 178 2;
676, 28778750 178 3;
677, 28816645 178 4;
678, 28854540 179 1;
679, 28892434 179 2;
680, 28930329 179 3;
681, 28968224 179 4;
682, 29006119 180 1;
683, 29044013 180 2;
684, 29081908 180 3;
685, 29119803 180 4;
686, 29157697 181 1;
687, 29195592 181 2;
688, 29233487 181 3;
689, 29271381 181 4;
690, 29309276 182 1;
691, 29347171 182 2;
692, 29385066 182 3;
693, 29422960 182 4;
694, 29460855 183 1;
695, 29498750 183 2;
696, 29536644 183 3;
697, 29574539 183 4;
698, 29612434 184 1;
699, 29650329 184 2;
700, 29688223 184 3;
701, 29726118 184 4;
702, 29764013 185 1;
703, 29801907 185 2;
704, 29839802 185 3;
705, 29877697 185 4;
706, 29915591 186 1;
707, 29953486 186 2;
708, 29991381 186 3;
709, 30029276 186 4;
710, 30067170 187 1;
711, 30105065 187 2;
712, 30142960 187 3;
713, 30180854 187 4;
714, 30218749 188 1;
715, 30256644 188 2;
716, 30294539 188 3;
717, 30332433 188 4;
718, 30370328 189 1;
719, 30408223 189 2;
720, 30446117 189 3;
721, 30484012 189 4;
722, 30521907 190 1;
723, 30559801 190 2;
724, 30597696 190 3;
725, 30635591 190 4;
726, 30673486 191 1;
727, 30711380 191 2;
728, 30749275 191 3;
729, 30787170 191 4;
730, 30825064 192 1;
731, 30862959 192 2;
732, 30900854 192 3;
733, 30938748 192 4;
734, 30976643 193 1;
735, 31014538 193 2;
736, 31052433 193 3;
737, 31090327 193 4;
738, 31128222 194 1;
739, 31166117 194 2;
740, 31204011 194 3;
741, 31241906 194 4;
742, 31279801 195 1;
743, 31317696 195 2;
744, 31355590 195 3;
745, 31393485 195 4;
746, 31431380 196 1;
747, 31469274 196 2;
748, 31507169 196 3;
749, 31545064 196 4;
750, 31582958 197 1;
751, 31620853 197 2;
752, 31658748 197 3;
753, 31696643 197 4;
754, 31734537 198 1;
755, 31772432 198 2;
756, 31810327 198 3;
757, 31848221 198 4;
758, 31886116 199 1;
759, 31924011 199 2;
760, 31961905 199 3;
761, 31999800 199 4;
762, 32037695 200 1;
763, 32075590 200 2;
764, 32113484 200 3;
765, 32151379 200 4;
766, 32189274 201 1;
767, 32227168 201 2;
768, 32265063 201 3;
769, 32302958 201 4;
770, 32340853 202 1;
771, 32378747 202 2;
772, 32416642 202 3;
773, 32454537 202 4;
774, 32492431 203 1;
775, 32530326 203 2;
776, 32568221 203 3;
777, 32606115 203 4;
778, 32644010 204 1;
779, 32681905 204 2;
780, 32719800 204 3;
781, 32757694 204 4;
782, 32795589 205 1;
783, 32833484 205 2;
784, 32871378 205 3;
785, 32909273 205 4;
786, 32947168 206 1;
787, 32985062 206 2;
788, 33022957 206 3;
789, 33060852 207 1;
790, 33098747 207 2;
791, 33136641 208 1;
792, 33174536 208 2;
793, 33212431 208 3;
794, 33250325 209 1;
795, 33288220 209 2;
796, 33326115 209 3;
797, 33364010 210 1;
798, 33401904 210 2;
799, 33439799 210 3;
800, 33477694 211 1;
801, 33515588 211 2;
802, 33553483 212 1;
803, 33591378 212 2;
804, 33629272 212 3;
805, 33667167 213 1;
806, 33705062 213 2;
807, 33742957 213 3;
808, 33780851 214 1;
809, 33818746 214 2;
810, 33856641 214 3;
811, 33894535 215 1;
812, 33932430 215 2;
813, 33970325 216 1;
814, 34008219 216 2;
815, 34046114 216 3;
816, 34084009 217 1;
817, 34121904 217 2;
818, 34159798 217 3;
819, 34197693 217 4;
820, 34235588 218 1;
821, 34273482 218 2;
822, 34311377 218 3;
823, 34349272 218 4;
